2021-03-15 13:13:23 0 17.062 62.711600000000004 40.416179 -86.919662167
2021-03-15 13:13:27 0 20.375 68.675 40.416181667 -86.919668333
2021-03-15 13:13:31 0 22.062 71.7116 40.416182333 -86.9196815
2021-03-15 13:13:35 0 22.937 73.2866 40.416174167 -86.919681833
2021-03-15 13:13:39 0 22.687 72.8366 40.416165 -86.91969
2021-03-15 13:13:43 0 22.375 72.275 40.416169 -86.919708833
2021-03-15 13:13:47 0 22.187 71.9366 40.416169833 -86.919725333
2021-03-15 13:13:51 0 22.0 71.6 40.416169 -86.919734
2021-03-15 13:13:55 0 23.437 74.1866 40.416170167 -86.919740833
2021-03-15 13:13:59 0 24.125 75.425 40.4161735 -86.919744333
2021-03-15 13:14:03 0 23.875 74.975 40.416173167 -86.919749667
2021-03-15 13:14:07 0 23.437 74.1866 40.416161833 -86.919754
2021-03-15 13:14:11 0 23.125 73.625 40.416158333 -86.919753
2021-03-15 13:14:15 0 22.875 73.175 40.416147167 -86.9197545
2021-03-15 13:14:19 0 22.625 72.725 40.4161445 -86.9197565
2021-03-15 13:14:23 0 22.437 72.3866 40.416142667 -86.9197595
